資　　金　　収　　支　　計　　算　　書
平成29年 4月  1日から
平成30年 3月 31日まで
収　入　の　部
科　　　目
予　　　算
決　　　算
差　　　異
（単位：円）
学生生徒等納付金収入
　　授業料収入
　　入学金収入
　　実験実習料収入
　　教材料収入
　　学習指導資料費収入
　　施設設備資金収入
　　教育充実費収入
手数料収入
　　入学検定料収入
　　試験料収入
　　証明手数料収入
寄付金収入
　　特別寄付金収入
　　一般寄付金収入
補助金収入
　　国庫補助金収入
　　地方公共団体補助金収入
　　学術研究振興資金収入
資産売却収入
　　施設売却収入
　　有価証券売却収入
付随事業・収益事業収入
　　補助活動収入
　　附属事業収入
　　受託事業収入
　　収益事業収入
　　土地信託賃貸料収入
医療収入
　　入院収入
　　外来収入
　　その他の医療収入
受取利息・配当金収入
　　第３号基本金引当特定資産運用収入
　　その他の受取利息・配当金収入
　　土地信託受取利息・配当金収入
雑収入
　　施設設備利用料収入
　　刊行物販売収入
　　私立大学退職金財団交付金収入
　　研究関連収入
　　雑収入
　　土地信託雑収入
　　過年度修正収入
53,966,954,000
42,676,648,000
2,653,520,000
930,727,000
126,643,000
6,300,000
7,242,636,000
330,480,000
 
2,303,739,000
2,248,037,000
14,129,000
41,573,000
 
6,832,001,000
6,556,081,000
275,920,000
 
13,395,657,000
10,920,126,000
2,472,531,000
3,000,000
 
33,453,000,000
0
33,453,000,000
 
11,093,466,000
165,498,000
879,664,000
9,774,765,000
273,539,000
0
 
56,616,556,000
29,059,545,000
26,038,260,000
1,518,751,000
 
2,606,445,000
1,756,363,000
850,082,000
0
 
4,766,437,000
884,085,000
39,836,000
963,541,000
1,184,948,000
1,694,027,000
0
0
 
54,023,585,875
42,672,069,000
2,739,070,000
925,453,500
130,287,995
38,880
7,222,136,500
334,530,000
 
2,264,689,850
2,215,847,000
13,266,000
35,576,850
 
6,333,030,485
6,076,750,485
256,280,000
 
13,914,638,311
11,205,879,185
2,708,759,126
0
 
20,683,740,492
372,737,770
20,311,002,722
 
14,504,689,197
250,578,520
969,129,832
12,876,966,191
299,509,452
108,505,202
 
58,017,543,798
28,684,028,948
27,810,732,945
1,522,781,905
 
3,077,060,969
1,635,920,073
1,441,140,622
274
 
4,880,343,165
892,682,491
39,632,059
982,522,200
884,824,322
2,073,745,221
1,293,430
5,643,442
 
△ 56,631,875
4,579,000
△ 85,550,000
5,273,500
△ 3,644,995
6,261,120
20,499,500
△ 4,050,000
 
39,049,150
32,190,000
863,000
5,996,150
 
498,970,515
479,330,515
19,640,000
 
△ 518,981,311
△ 285,753,185
△ 236,228,126
3,000,000
 
12,769,259,508
△ 372,737,770
13,141,997,278
 
△ 3,411,223,197
△ 85,080,520
△ 89,465,832
△ 3,102,201,191
△ 25,970,452
△ 108,505,202
 
△ 1,400,987,798
375,516,052
△ 1,772,472,945
△ 4,030,905
 
△ 470,615,969
120,442,927
△ 591,058,622
△ 274
 
△ 113,906,165
△ 8,597,491
203,941
△ 18,981,200
300,123,678
△ 379,718,221
△ 1,293,430
△ 5,643,442
 
資　　金　　収　　支　　計　　算　　書
平成29年 4月  1日から
平成30年 3月 31日まで
収　入　の　部
科　　　目
借入金等収入
　　長期借入金収入
　　短期借入金収入
　　学校債収入
前受金収入
　　授業料前受金収入
　　入学金前受金収入
　　実験実習料前受金収入
　　教材料前受金収入
　　施設設備資金前受金収入
　　教育充実費前受金収入
　　その他の前受金収入
　　土地信託賃貸料前受金収入
その他の収入
　　第２号基本金引当特定資産取崩収入
　　退職給与引当特定資産取崩収入
　　年金引当特定資産取崩収入
　　新病院棟建設積立金取崩収入
　　特定目的引当特定資産取崩収入
　　前期末未収入金収入
　　貸付金回収収入
　　預り金受入収入
　　修学旅行費預り資産取崩収入
　　土地信託その他の資産取崩収入
　　貯蔵品取崩収入
　　土地信託預り保証金収入
資金収入調整勘定
　　期末未収入金
　　期末土地信託未収入金
　　前期末前受金
前年度繰越支払資金
収入の部合計
予　　　算
10,348,750,000
6,000,000,000
3,000,000,000
1,348,750,000
 
12,573,083,000
8,376,504,000
2,549,700,000
130,787,000
55,665,000
1,317,906,000
108,000,000
34,521,000
0
 
25,530,928,000
5,113,399,000
3,204,231,000
2,909,358,000
0
0
14,170,211,000
118,729,000
15,000,000
0
0
0
0
 
△ 26,856,808,000
△ 14,171,906,000
0
△ 12,684,902,000
 
24,360,926,000
 
230,991,134,000
決　　　算
10,313,710,000
6,000,000,000
3,000,000,000
1,313,710,000
 
12,981,275,029
8,469,822,500
2,594,120,000
135,964,500
44,287,300
1,346,412,500
108,540,000
258,165,779
23,962,450
 
29,218,789,228
4,266,351,711
3,770,809,372
2,860,354,133
4,700,000,000
4,000,000
13,214,094,964
95,360,501
108,714,021
22,733,486
55,229,509
6,086,091
115,055,440
 
△ 27,494,885,689
△ 14,394,079,877
△ 1,736,863
△ 13,099,068,949
 
28,739,126,277
 
231,457,336,987
（単位：円）
差　　　異
35,040,000
0
0
35,040,000
 
△ 408,192,029
△ 93,318,500
△ 44,420,000
△ 5,177,500
11,377,700
△ 28,506,500
△ 540,000
△ 223,644,779
△ 23,962,450
 
△ 3,687,861,228
847,047,289
△ 566,578,372
49,003,867
△ 4,700,000,000
△ 4,000,000
956,116,036
23,368,499
△ 93,714,021
△ 22,733,486
△ 55,229,509
△ 6,086,091
△ 115,055,440
 
638,077,689
222,173,877
1,736,863
414,166,949
 
 
△ 466,202,987
資　　金　　収　　支　　計　　算　　書
平成29年 4月  1日から
平成30年 3月 31日まで
支　出　の　部
科　　　目
予　　　算
決　　　算
差　　　異
（単位：円）
人件費支出
　　教員人件費支出
　　職員人件費支出
　　役員報酬支出
　　退職金支出
　　年金支出
教育研究経費支出
　　消耗品費支出
　　図書資料費支出
　　光熱水費支出
　　旅費交通費支出
　　補助費支出
　　奨学費支出
　　通信運搬費支出
　　印刷製本費支出
　　福利費支出
　　集会費支出
　　修繕費支出
　　業務委託費支出
　　賃借料支出
　　損害保険料支出
　　諸会費支出
　　公租公課支出
　　支払手数料支出
　　その他の経費支出
　（医療経費支出）
　　医療用消耗品費支出
　　医療用薬品費支出
　　医療用材料費支出
　　給食費支出
　　被服寝具費支出
管理経費支出
　　消耗品費支出
　　図書資料費支出
　　光熱水費支出
　　旅費交通費支出
　　補助費支出
　　通信運搬費支出
　　印刷製本費支出
　　福利費支出
　　集会費支出
　　修繕費支出
　　業務委託費支出
　　賃借料支出
　　損害保険料支出
　　広告料支出
　　諸会費支出
　　公租公課支出
　　公共施設負担金支出
　　支払手数料支出
　　私立大学等経常費補助金返還金支出
　　その他の補助金等返還金支出
69,161,043,000
35,944,654,000
26,993,950,000
108,850,000
3,204,231,000
2,909,358,000
 
62,206,630,000
5,621,101,000
1,662,101,000
2,891,686,000
1,126,938,000
925,637,000
2,075,931,000
410,462,000
364,938,000
108,127,000
205,499,000
2,398,033,000
15,336,532,000
2,222,579,000
104,805,000
94,285,000
39,469,000
852,121,000
1,413,405,000
24,352,981,000
294,335,000
17,002,075,000
6,671,845,000
255,626,000
129,100,000
 
4,025,981,000
299,774,000
7,663,000
70,574,000
150,745,000
32,047,000
136,974,000
206,035,000
126,421,000
74,824,000
58,641,000
1,055,891,000
332,314,000
50,398,000
94,472,000
30,599,000
739,636,000
0
383,206,000
0
0
69,094,408,848
35,663,274,518
26,653,962,005
146,008,820
3,770,809,372
2,860,354,133
 
63,506,371,177
4,907,053,227
1,313,151,674
2,529,326,777
1,221,544,827
729,064,036
1,838,843,029
378,331,233
310,886,708
99,257,278
177,426,977
2,734,377,478
16,060,850,267
2,477,328,387
100,827,735
120,272,690
5,977,419
824,031,754
1,204,072,593
26,473,747,088
435,970,341
18,395,047,205
7,275,161,932
234,918,653
132,648,957
 
3,942,565,060
298,864,884
4,904,088
62,605,110
81,244,461
35,126,599
120,465,343
153,147,324
128,930,561
96,241,292
78,707,085
1,002,905,509
233,919,459
46,423,317
39,333,517
27,540,925
810,371,717
6,513,800
369,171,159
4,080,000
380,299
66,634,152
281,379,482
339,987,995
△ 37,158,820
△ 566,578,372
49,003,867
 
△ 1,299,741,177
714,047,773
348,949,326
362,359,223
△ 94,606,827
196,572,964
237,087,971
32,130,767
54,051,292
8,869,722
28,072,023
△ 336,344,478
△ 724,318,267
△ 254,749,387
3,977,265
△ 25,987,690
33,491,581
28,089,246
209,332,407
△ 2,120,766,088
△ 141,635,341
△ 1,392,972,205
△ 603,316,932
20,707,347
△ 3,548,957
 
83,415,940
909,116
2,758,912
7,968,890
69,500,539
△ 3,079,599
16,508,657
52,887,676
△ 2,509,561
△ 21,417,292
△ 20,066,085
52,985,491
98,394,541
3,974,683
55,138,483
3,058,075
△ 70,735,717
△ 6,513,800
14,034,841
△ 4,080,000
△ 380,299
資　　金　　収　　支　　計　　算　　書
平成29年 4月  1日から
平成30年 3月 31日まで
支　出　の　部
科　　　目
　　その他の経費支出
　　過年度修正支出
借入金等利息支出
　　借入金利息支出
借入金等返済支出
　　長期借入金返済支出
　　短期借入金返済支出
　　学校債返済支出
施設関係支出
　　土地支出
　　建物支出
　　構築物支出
　　建設仮勘定支出
　　施設利用権支出
　　敷金・保証金支出
設備関係支出
　　教育研究用機器備品支出
　　管理用機器備品支出
　　図書支出
　　車両支出
　　ソフトウェア支出
資産運用支出
　　有価証券購入支出
　　第２号基本金引当特定資産繰入支出
　　第３号基本金引当特定資産繰入支出
　　退職給与引当特定資産繰入支出
　　年金引当特定資産繰入支出
　　学校債引当特定資産繰入支出
　　石井医療緊急支援積立金（仮称）繰入支出
　　土地信託土地支出
　　土地信託建物支出
　　土地信託その他の資産支出
その他の支出
　　貸付金支払支出
　　前期末未払金支払支出
　　修学旅行費預り金支払支出
　　前払金支払支出
　　貯蔵品購入支出
　　奨学融資保証履行支出
　　土地信託経費支出
予備費
資金支出調整勘定
　　期末未払金
　　期末土地信託未払金
　　前期末前払金
予　　　算
175,767,000
0
 
68,076,000
68,076,000
 
4,979,130,000
637,200,000
3,000,000,000
1,341,930,000
 
20,632,854,000
1,470,000
4,267,990,000
676,150,000
15,687,244,000
0
0
 
6,689,609,000
5,781,891,000
131,872,000
672,362,000
30,644,000
72,840,000
 
42,112,567,000
31,905,000,000
2,400,000,000
1,367,751,000
3,153,495,000
3,279,501,000
6,820,000
0
0
0
0
 
13,649,432,000
400,000,000
12,221,608,000
0
1,027,523,000
301,000
0
0
 
(400,000,000)
0
 
△ 20,887,958,000
△ 19,921,908,000
0
△ 966,050,000
（単位：円）
決　　　算
差　　　異
245,196,750
96,491,861
 
74,384,007
74,384,007
 
4,929,600,000
637,200,000
3,000,000,000
1,292,400,000
 
18,265,018,291
810,741
12,864,141,656
664,600,462
4,722,525,084
9,717,508
3,222,840
 
5,631,686,957
4,924,014,547
158,277,991
542,034,938
7,359,481
0
 
38,363,103,741
20,312,002,721
3,443,939,864
2,537,646,613
3,813,719,358
3,232,020,533
21,310,000
100,000,000
3,667,961,079
977,091,932
257,411,641
 
12,637,731,351
15,000,000
12,174,491,457
22,733,486
391,965,819
11,643
1,622,919
31,906,027
 
 
 
△ 15,546,119,216
△ 14,924,488,033
△ 4,174,604
△ 593,015,423
△ 69,429,750
△ 96,491,861
 
△ 6,308,007
△ 6,308,007
 
49,530,000
0
0
49,530,000
 
2,367,835,709
659,259
△ 8,596,151,656
11,549,538
10,964,718,916
△ 9,717,508
△ 3,222,840
 
1,057,922,043
857,876,453
△ 26,405,991
130,327,062
23,284,519
72,840,000
 
3,749,463,259
11,592,997,279
△ 1,043,939,864
△ 1,169,895,613
△ 660,224,358
47,480,467
△ 14,490,000
△ 100,000,000
△ 3,667,961,079
△ 977,091,932
△ 257,411,641
 
1,011,700,649
385,000,000
47,116,543
△ 22,733,486
635,557,181
289,357
△ 1,622,919
△ 31,906,027
 
0
 
△ 5,341,838,784
△ 4,997,419,967
4,174,604
△ 373,034,577
資　　金　　収　　支　　計　　算　　書
平成29年 4月  1日から
平成30年 3月 31日まで
支　出　の　部
　　前期末仮払金
科　　　目
翌年度繰越支払資金
支出の部合計
予　　　算
0
 
28,353,770,000
 
230,991,134,000
決　　　算
△ 24,441,156
 
30,558,586,771
 
231,457,336,987
（単位：円）
差　　　異
24,441,156
 
△ 2,204,816,771
 
△ 466,202,987
［注記］予備費使用内訳　　教育研究経費支出　業務委託費支出　 400,000,000円
活　動　区　分　資　金　収　支　計　算　書
平成29年 4月  1日から
平成30年 3月 31日まで
科　　　目
学生生徒等納付金収入
手数料収入
特別寄付金収入
一般寄付金収入
経常費等補助金収入
付随事業収入
医療収入
雑収入
教育活動資金収入計
人件費支出
教育研究経費支出
医療経費支出
管理経費支出
教育活動資金支出計
差　引
調整勘定等
教育活動資金収支差額
科　　　目
施設設備寄付金収入
施設設備補助金収入
施設設備売却収入
第２号基本金引当特定資産取崩収入
新病院棟建設積立金取崩収入
施設整備等活動資金収入計
施設関係支出
設備関係支出
第２号基本金引当特定資産繰入支出
石井医療緊急支援積立金（仮称）繰入支出
教
育
活
動
に
よ
る
資
金
収
支
収
入
支
出
施
設
整
備
等
活
動
に
よ
る
資
金
収
支
収
入
支
出
（単位：円）
金　　　額
54,023,585,875
2,264,689,850
3,878,284,614
256,280,000
13,326,427,911
14,096,674,543
58,017,543,798
4,873,406,293
150,736,892,884
69,094,408,848
37,032,624,089
26,473,747,088
3,846,073,199
136,446,853,224
14,290,039,660
275,276,761
14,565,316,421
金　　　額
2,198,465,871
588,210,400
372,737,770
4,266,351,711
4,700,000,000
12,125,765,752
18,265,018,291
5,631,686,957
3,443,939,864
100,000,000
施設整備等活動資金支出計
差　引
調整勘定等
施設整備等活動資金収支差額
小計（教育活動資金収支差額＋施設整備等活動資金収支差額）
27,440,645,112
△ 15,314,879,360
1,312,829,730
△ 14,002,049,630
563,266,791
活　動　区　分　資　金　収　支　計　算　書
平成29年 4月  1日から
平成30年 3月 31日まで
科　　　目
借入金等収入
有価証券売却収入
特定目的引当特定資産取崩収入
退職給与引当特定資産取崩収入
年金引当特定資産取崩収入
貸付金回収収入
預り金受入収入
修学旅行費預り資産取崩収入
土地信託その他の資産取崩収入
土地信託預り保証金収入
貯蔵品取崩収入
　小　　計
受取利息・配当金収入
収益事業収入
土地信託賃貸料収入
土地信託雑収入
過年度修正収入
その他の活動資金収入計
借入金等返済支出
有価証券購入支出
第３号基本金引当特定資産繰入支出
退職給与引当特定資産繰入支出
年金引当特定資産繰入支出
学校債引当特定資産繰入支出
貸付金支払支出
修学旅行費預り金支払支出
貯蔵品購入支出
奨学融資保証履行支出
　小　　計
借入金等利息支出
土地信託経費支出
土地信託土地支出
土地信託建物支出
土地信託その他の資産支出
過年度修正支出
そ
の
他
の
活
動
に
よ
る
資
金
収
支
収
入
支
出
その他の活動資金支出計
差　引
調整勘定等
その他の活動資金収支差額
支払資金の増減額（小計＋その他の活動資金収支差額）
前年度繰越支払資金
翌年度繰越支払資金
（単位：円）
金　　　額
10,313,710,000
20,311,002,722
4,000,000
3,770,809,372
2,860,354,133
95,360,501
108,714,021
22,733,486
55,229,509
115,055,440
6,086,091
37,663,055,275
3,077,060,969
299,509,452
108,505,202
1,293,430
5,643,442
41,155,067,770
4,929,600,000
20,312,002,721
2,537,646,613
3,813,719,358
3,232,020,533
21,310,000
15,000,000
22,733,486
11,643
1,622,919
34,885,667,273
74,384,007
31,906,027
3,667,961,079
977,091,932
257,411,641
96,491,861
39,990,913,820
1,164,153,950
92,039,753
1,256,193,703
1,819,460,494
28,739,126,277
30,558,586,771
[注記] 活動区分ごとの調整勘定等の計算過程は以下のとおり。
資金収支
計算書計上額
教育活動
による資金収支
施設整備等活動
による資金収支
その他の活動
による資金収支
（単位：円）
48,618,000
△ 575,049,210
965,712,905
△ 952,481,712
項　目
前受金収入
前期末未収入金収入　
期末未収入金
前期末前受金
土地信託賃貸料前受金収入
期末土地信託未収入金
収入計
前期末未払金支払支出
前払金支払支出
期末未払金
前期末前払金
前期末仮払金
期末土地信託未払金
支出計
収入計－支出計
12,957,312,579
12,199,764,059
△ 12,866,548,955
△ 13,099,068,949
△ 808,541,266
8,561,011,724
362,291,451
△ 9,443,822,713
△ 563,298,489
12,957,312,579
13,214,094,964
△ 14,394,079,877
△ 13,099,068,949
23,962,450
△ 1,736,863
△ 1,299,515,696
12,174,491,457
391,965,819
△ 14,924,488,033
△ 593,015,423
△ 24,441,156
△ 4,174,604
△ 2,979,661,940
1,680,146,244
△ 526,431,210
2,037,617,460
5,318,264
△ 3,881,572,125
△ 624,539
23,962,450
△ 1,736,863
35,456,780
1,575,862,273
24,356,104
△ 1,599,093,195
△ 29,092,395
△ 24,441,156
△ 4,174,604
△ 56,582,973
92,039,753
△ 1,083,818,027
275,276,761
△ 1,839,260,940
1,312,829,730
事　 業　 活　 動　 収　 支　 計　 算　 書
平成29年 4月  1日から
平成30年 3月 31日まで
科　　　目
予　　　算
決　　　算
差　　　異
（単位：円）
学生生徒等納付金
　　授業料
　　入学金
　　実験実習料
　　教材料
　　学習指導資料費
　　施設設備資金
　　教育充実費
手数料
　　入学検定料
　　試験料
　　証明手数料
寄付金
　　特別寄付金
　　一般寄付金
経常費等補助金
　　国庫補助金
　　地方公共団体補助金
　　学術研究振興資金
教
育
活
動
収
支
事
業
活
動
収
入
の
部
付随事業収入
　　補助活動収入
　　附属事業収入
　　受託事業収入
医療収入
　　入院収入
　　外来収入
　　その他の医療収入
雑収入
　　施設設備利用料
　　刊行物販売収入
　　私立大学退職金財団交付金
　　研究関連収入
　　雑収入
教育活動収入計
53,966,954,000
42,676,648,000
2,653,520,000
930,727,000
126,643,000
6,300,000
7,242,636,000
330,480,000
 
2,303,739,000
2,248,037,000
14,129,000
41,573,000
 
2,313,196,000
2,037,276,000
275,920,000
 
13,129,673,000
10,686,407,000
2,440,266,000
3,000,000
 
10,819,927,000
165,498,000
879,664,000
9,774,765,000
 
56,616,556,000
29,059,545,000
26,038,260,000
1,518,751,000
 
4,766,437,000
884,085,000
39,836,000
963,541,000
1,184,948,000
1,694,027,000
 
143,916,482,000
54,023,585,875
42,672,069,000
2,739,070,000
925,453,500
130,287,995
38,880
7,222,136,500
334,530,000
 
2,264,689,850
2,215,847,000
13,266,000
35,576,850
 
4,134,564,614
3,878,284,614
256,280,000
 
13,326,427,911
10,807,346,185
2,519,081,726
0
 
14,096,674,543
250,578,520
969,129,832
12,876,966,191
 
58,017,543,798
28,684,028,948
27,810,732,945
1,522,781,905
 
4,873,406,293
892,682,491
39,632,059
982,522,200
884,824,322
2,073,745,221
 
150,736,892,884
△ 56,631,875
4,579,000
△ 85,550,000
5,273,500
△ 3,644,995
6,261,120
20,499,500
△ 4,050,000
 
39,049,150
32,190,000
863,000
5,996,150
 
△ 1,821,368,614
△ 1,841,008,614
19,640,000
 
△ 196,754,911
△ 120,939,185
△ 78,815,726
3,000,000
 
△ 3,276,747,543
△ 85,080,520
△ 89,465,832
△ 3,102,201,191
 
△ 1,400,987,798
375,516,052
△ 1,772,472,945
△ 4,030,905
 
△ 106,969,293
△ 8,597,491
203,941
△ 18,981,200
300,123,678
△ 379,718,221
 
△ 6,820,410,884
事　 業　 活　 動　 収　 支　 計　 算　 書
平成29年 4月  1日から
平成30年 3月 31日まで
科　　　目
予　　　算
決　　　算
差　　　異
（単位：円）
教
育
活
動
収
支
事
業
活
動
支
出
の
部
人件費
　教員人件費
　職員人件費
　役員報酬
　退職給与引当金繰入額
　年金引当金繰入額
教育研究経費
　　消耗品費
　　図書資料費
　　光熱水費
　　旅費交通費
　　補助費
　　奨学費
　　通信運搬費
　　印刷製本費
　　福利費
　　集会費
　　修繕費
　　業務委託費
　　賃借料
　　損害保険料
　　諸会費
　　公租公課
　　支払手数料
　　減価償却額
　　その他の経費
　（医療経費）
　　医療用消耗品費
　　医療用薬品費
　　医療用材料費
　　給食費
　　被服寝具費
管理経費
　　消耗品費
　　図書資料費
　　光熱水費
　　旅費交通費
　　補助費
　　通信運搬費
　　印刷製本費
　　福利費
　　集会費
　　修繕費
　　業務委託費
　　賃借料
　　損害保険料
　　広告料
　　諸会費
　　公租公課
　　公共施設負担金
　　支払手数料
　　減価償却額
69,480,450,000
35,944,654,000
26,993,950,000
108,850,000
3,153,495,000
3,279,501,000
 
73,193,061,000
5,621,101,000
1,662,101,000
2,891,686,000
1,126,938,000
925,637,000
2,075,931,000
410,462,000
364,938,000
108,127,000
205,499,000
2,398,033,000
15,336,532,000
2,222,579,000
104,805,000
94,285,000
39,469,000
852,121,000
10,986,431,000
1,413,405,000
24,352,981,000
294,335,000
17,002,075,000
6,671,845,000
255,626,000
129,100,000
 
4,262,517,000
299,774,000
7,663,000
70,574,000
150,745,000
32,047,000
136,974,000
206,035,000
126,421,000
74,824,000
58,641,000
1,055,891,000
332,314,000
50,398,000
94,472,000
30,599,000
739,636,000
0
383,206,000
236,536,000
69,508,985,234
35,663,274,518
26,653,962,005
146,008,820
3,813,719,358
3,232,020,533
 
74,328,981,545
4,907,053,227
1,313,151,674
2,529,326,777
1,221,544,827
729,064,036
1,838,843,029
378,331,233
310,886,708
99,257,278
177,426,977
2,734,377,478
16,060,850,267
2,477,328,387
100,827,735
120,272,690
5,977,419
824,031,754
10,961,631,060
1,204,072,593
26,334,726,396
435,970,341
18,279,874,209
7,250,508,322
235,724,567
132,648,957
 
4,103,799,558
298,864,884
4,904,088
62,605,110
81,244,461
35,126,599
120,465,343
153,147,324
128,930,561
96,241,292
78,707,085
1,002,905,509
233,919,459
46,423,317
39,333,517
27,540,925
810,371,717
6,513,800
369,171,159
257,726,359
△ 28,535,234
281,379,482
339,987,995
△ 37,158,820
△ 660,224,358
47,480,467
 
△ 1,135,920,545
714,047,773
348,949,326
362,359,223
△ 94,606,827
196,572,964
237,087,971
32,130,767
54,051,292
8,869,722
28,072,023
△ 336,344,478
△ 724,318,267
△ 254,749,387
3,977,265
△ 25,987,690
33,491,581
28,089,246
24,799,940
209,332,407
△ 1,981,745,396
△ 141,635,341
△ 1,277,799,209
△ 578,663,322
19,901,433
△ 3,548,957
 
158,717,442
909,116
2,758,912
7,968,890
69,500,539
△ 3,079,599
16,508,657
52,887,676
△ 2,509,561
△ 21,417,292
△ 20,066,085
52,985,491
98,394,541
3,974,683
55,138,483
3,058,075
△ 70,735,717
△ 6,513,800
14,034,841
△ 21,190,359
事　 業　 活　 動　 収　 支　 計　 算　 書
平成29年 4月  1日から
平成30年 3月 31日まで
科　　　目
予　　　算
決　　　算
差　　　異
（単位：円）
　　私立大学等経常費補助金返還金
　　その他の補助金等返還金
　　その他の経費
徴収不能額等
　　徴収不能引当金繰入額
0
0
175,767,000
 
83,488,000
83,488,000
 
4,080,000
380,299
245,196,750
 
5,190,139
5,190,139
 
△ 4,080,000
△ 380,299
△ 69,429,750
 
78,297,861
78,297,861
 
教
育
活
動
収
支
事
業
活
動
支
出
の
部
教育活動支出計
教育活動収支差額
147,019,516,000
△ 3,103,034,000
147,946,956,476
2,789,936,408
△ 927,440,476
△ 5,892,970,408
科　　　目
予　　　算
決　　　算
差　　　異
受取利息・配当金
　　第３号基本金引当特定資産運用収入
　　その他の受取利息・配当金
　　土地信託受取利息・配当金
その他の教育活動外収入
　　収益事業収入
　　土地信託賃貸料
　　土地信託雑収入
教育活動外収入計
借入金等利息
　　借入金利息
その他の教育活動外支出
　　土地信託経費
教
育
活
動
外
収
支
事
業
活
動
収
入
の
部
事
業
活
動
支
出
の
部
教育活動外支出計
教育活動外収支差額
経常収支差額                                                            　　
2,606,445,000
1,756,363,000
850,082,000
0
 
273,539,000
273,539,000
0
0
 
2,879,984,000
68,076,000
68,076,000
 
0
0
 
68,076,000
2,811,908,000
△ 291,126,000
3,077,060,969
1,635,920,073
1,441,140,622
274
 
409,308,084
299,509,452
108,505,202
1,293,430
 
3,486,369,053
74,384,007
74,384,007
 
52,262,109
52,262,109
 
△ 470,615,969
120,442,927
△ 591,058,622
△ 274
 
△ 135,769,084
△ 25,970,452
△ 108,505,202
△ 1,293,430
 
△ 606,385,053
△ 6,308,007
△ 6,308,007
 
△ 52,262,109
△ 52,262,109
 
126,646,116
3,359,722,937
6,149,659,345
△ 58,570,116
△ 547,814,937
△ 6,440,785,345
事　 業　 活　 動　 収　 支　 計　 算　 書
平成29年 4月  1日から
平成30年 3月 31日まで
科　　　目
予　　　算
決　　　算
差　　　異
（単位：円）
資産売却差額
その他の特別収入
　　施設設備寄付金
　　現物寄付
　　施設設備補助金
　　過年度修正額
0
0
0
7,886,266,000
4,518,805,000
3,101,477,000
265,984,000
0
 
5,829,598,854
2,198,465,871
3,037,279,141
588,210,400
5,643,442
 
2,056,667,146
2,320,339,129
64,197,859
△ 322,226,400
△ 5,643,442
 
特別収入計
資産処分差額
　　動産・不動産処分差額
　　期末保有有価証券評価損
その他の特別支出
　　過年度修正額
7,886,266,000
0
0
0
 
0
0
 
5,829,598,854
884,269,249
883,269,250
999,999
 
121,584,041
121,584,041
 
2,056,667,146
△ 884,269,249
△ 883,269,250
△ 999,999
 
△ 121,584,041
△ 121,584,041
 
事
業
活
動
収
入
の
部
事
業
活
動
支
出
の
部
特
別
収
支
特別支出計
特別収支差額
予備費
基本金組入前当年度収支差額
基本金組入額合計
当年度収支差額
前年度繰越収支差額
基本金取崩額
翌年度繰越収支差額
（参考）
事業活動収入計
事業活動支出計
0
7,886,266,000
(400,000,000)
0
7,595,140,000
△ 12,398,285,000
△ 4,803,145,000
△ 143,478,091,921
0
△ 148,281,236,921
1,005,853,290
4,823,745,564
△ 1,005,853,290
3,062,520,436
10,973,404,909
△ 14,793,126,828
△ 3,819,721,919
△ 143,478,091,921
0
△ 147,297,813,840
0
△ 3,378,264,909
2,394,841,828
△ 983,423,081
0
0
△ 983,423,081
154,682,732,000
147,087,592,000
160,052,860,791
149,079,455,882
△ 5,370,128,791
△ 1,991,863,882
（注）　その他の教育活動外支出
　　　　土地信託経費　減価償却額20,356,082円を含む。
 ［注記］　予備費使用内訳　　教育研究経費　業務委託費　 400,000,000円
貸　　　借　　　対　　　照　　　表
平成30年　3月31日
(単位：円)
　　　資　　産　　の　　部
科　　目
本　年　度　末
前　年　度　末
増　　　　減
                                                                                
 
 
 
　固　　定　　資　　産                                                          
384,219,181,297
367,429,013,815
16,790,167,482
                                                                                
 
 
 
  　有　形　固　定　資　産                                                      
237,861,599,485
223,436,167,210
14,425,432,275
    　土　　　　　　　地                                                        
37,530,047,835
38,003,885,494
△ 473,837,659
    　建　　　　　　　物                                                        
116,496,132,900
100,718,640,266
15,777,492,634
    　構　　　築　　　物                                                        
3,116,239,173
2,958,191,269
158,047,904
    　教育研究用機器備品                                                        
31,044,049,505
31,536,474,343
△ 492,424,838
    　管理用機器備品                                                            
490,593,253
445,587,960
    　図　　　　　　　書                                                        
43,393,699,660
43,012,845,069
    　車　　　　　　　両                                                        
25,361,509
25,848,543
45,005,293
380,854,591
△ 487,034
    　建　設　仮　勘　定                                                        
5,765,475,650
6,734,694,266
△ 969,218,616
                                                                                
 
 
 
  　特　定　資　産                                                              
135,394,429,250
137,843,308,098
△ 2,448,878,848
    　第２号基本金引当特定資産                                                  
12,572,980,529
13,395,392,376
△ 822,411,847
    　第３号基本金引当特定資産                                                  
68,792,727,846
66,255,081,233
2,537,646,613
    　退職給与引当特定資産                                                      
27,676,003,225
27,633,093,239
    　年金引当特定資産                                                          
21,861,177,650
21,489,511,250
    　学校債運用特定資産                                                        
4,391,540,000
4,370,230,000
42,909,986
371,666,400
21,310,000
    　新病院棟建設積立金                                                        
0
4,700,000,000
△ 4,700,000,000
    　石井医療緊急支援積立金（仮称）                                            
100,000,000
                                                                                
 
0
 
100,000,000
 
  　その他の固定資産                                                            
10,963,152,562
6,149,538,507
4,813,614,055
    　電　話　加　入　権                                                        
70,310,110
    　施　設　利　用　権                                                        
99,047,298
    　敷　金・保　証　金                                                        
25,141,236
    　ソフトウェア                                                              
2,559,600
70,310,110
91,566,560
21,918,396
5,167,683
    　収益事業元入金                                                            
5,692,148,507
5,692,148,507
0
7,480,738
3,222,840
△ 2,608,083
0
    　長　期　貸　付　金                                                        
247,066,750
268,427,251
△ 21,360,501
    　土地信託土地                                                              
3,667,961,079
    　土地信託建物                                                              
956,735,850
    　土地信託その他の資産                                                      
202,182,132
                                                                                
 
0
0
0
 
3,667,961,079
956,735,850
202,182,132
 
　流　動　資　産                                                                
46,500,692,758
43,681,355,710
2,819,337,048
                                                                                
 
 
 
  　　現　金　預　金                                                            
30,558,586,771
28,739,126,277
1,819,460,494
  　　未　収　入　金                                                            
14,391,296,023
13,277,878,330
1,113,417,693
  　　貯　　蔵　　品                                                            1,084,351,951
951,405,707
132,946,244
  　　修学旅行費預り資産                                                        
66,611,381
89,344,867
△ 22,733,486
  　　土地信託未収入金                                                          
1,736,863
0
1,736,863
  　　そ　　　の　　　他                                                        
398,109,769
623,600,529
△ 225,490,760
                                                                                
 
 
 
　資　産　の　部　合　計                                                        
430,719,874,055
411,110,369,525
19,609,504,530
　　　負　　債　　の　　部
科　　目
本　年　度　末
前　年　度　末
増　　　　減
                                                                                
 
 
 
　固　　定　　負　　債                                                          
72,751,750,166
67,477,212,751
5,274,537,415
    　長　期　借　入　金                                                        
7,303,580,000
2,419,200,000
4,884,380,000
    　学　　　校　　　債                                                        2,972,580,000
3,028,300,000
△ 55,720,000
    　長　期　未　払　金                                                        
1,121,923,841
1,205,678,252
△ 83,754,411
    　退職給与引当金                                                            
39,377,433,235
39,334,523,249
    　年　金　引　当　金                                                        
21,861,177,650
21,489,511,250
    　土地信託預り保証金                                                        
115,055,440
                                                                                
 
0
 
42,909,986
371,666,400
115,055,440
 
　流　　動　　負　　債                                                          
33,123,680,514
29,762,118,308
3,361,562,206
    　短　期　借　入　金                                                        
1,115,620,000
637,200,000
    　１年以内償還予定学校債                                                    
1,418,960,000
1,341,930,000
478,420,000
77,030,000
    　未　　　払　　　金                                                        
15,008,242,444
12,174,491,457
2,833,750,987
    　前　　　受　　　金                                                        
12,957,312,579
13,099,068,949
△ 141,756,370
    　預　　　り　　　金                                                        2,528,797,056
2,420,083,035
108,714,021
    　修学旅行費預り金                                                          66,611,381
89,344,867
△ 22,733,486
    　土地信託未払金                                                            4,174,604
    　土地信託前受金                                                            23,962,450
                                                                                
                                                                                
 
 
0
0
 
 
4,174,604
23,962,450
 
 
　負　債　の　部　合　計                                                        
105,875,430,680
97,239,331,059
8,636,099,621
　　　純　　資　　産　　の　　部
科　　目
本　年　度　末
前　年　度　末
増　　　　減
　基　　　本　　　金                                                            
472,142,257,215
457,349,130,387
14,793,126,828
    　第　１　号　基　本　金                                                    
380,253,548,840
367,243,656,778
13,009,892,062
    　第　２　号　基　本　金                                                    
12,572,980,529
13,395,392,376
△ 822,411,847
    　第　３　号　基　本　金                                                    
68,792,727,846
66,255,081,233
2,537,646,613
    　第　４　号　基　本　金                                                    
10,523,000,000
10,455,000,000
68,000,000
　繰越収支差額                                                                  
△ 147,297,813,840 △ 143,478,091,921 △ 3,819,721,919
    　翌年度繰越収支差額                                                        
△ 147,297,813,840 △ 143,478,091,921 △ 3,819,721,919
　純　資　産　の　部　合　計                                                              
324,844,443,375
313,871,038,466
10,973,404,909
科　　目
本　年　度　末
前　年　度　末
増　　　　減
　負債及び純資産の部合計                                                          
430,719,874,055
411,110,369,525
19,609,504,530
（注）土地信託その他の資産は現金預金等である。
  ［注記］ 
１．重要な会計方針   
（１）引当金の計上基準 
徴収不能引当金 
貸付金および未収入金の徴収不能、ならびに奨学融資制度における債務保証の履行支出に備えるた
め、過去の一定期間における徴収不能実績率に基づく繰入額の他、債権の回収可能性を個別に見積も
った徴収不能見込額を計上している。 
退職給与引当金 
退職金の支給に備えるため、期末自己都合要支給額 40,226,461,600 円の 100％を基にして、私立大
学退職金財団に対する掛金の累積額と交付金の累積額との繰入調整額を加減した金額を計上している。 
年金引当金 
退職年金等の支給に備えるため、年金財政計算に基づく数理債務および数理上の年金資産額を毎期
算出し、当年度末の数理上の年金資産額 21,861,177,650 円を年金引当特定資産として設定したうえで、
同額の引当金を計上している。なお、当年度末の年金財政計算に基づく数理債務は 59,952,177,650
円である。 
 
（２）その他の重要な会計方針 
有価証券の評価基準および評価方法 
移動平均法に基づく原価法である。 
棚卸資産の評価基準および評価方法 
貯蔵品のうち、薬品については先入先出法に基づく原価法、その他（診療材料等）については最終
仕入原価法に基づく原価法である。 
              外貨建資産・負債等の本邦通貨への換算基準 
                  外国通貨、外貨建短期金銭債権等および決算日の翌日から起算して１年以内に償還される外貨建債
券については決算時の為替相場による円換算額を付し、その他、外貨建長期金銭債権等については、
取得時の為替相場による円換算額を付している。 
              預り金その他経過項目に係る収支の表示方法 
預り金に係る収入と支出は相殺して表示している。 
 
      ２．重要な会計方針の変更等 
            該当事項はない。 
 
３．減価償却額の累計額の合計額                           153,664,839,565 円 
    （うち土地信託減価償却額の累計額の合計額                  20,356,082 円） 
 
４．徴収不能引当金の合計額                                   281,832,532 円 
                   内訳     長期貸付金より控除額                    94,000,000 円 
                            特定目的引当資産より控除額               5,000,000 円 
                            未収入金より控除額                     182,832,532 円 
 
５．担保に供されている資産の種類および額 
            該当事項はない。 
 
６．翌会計年度以降の会計年度において基本金への組入れを行うこととなる金額   
13,506,450,377 円 
 
      ７．当該会計年度の末日において第４号基本金に相当する資金を有していない場合のその旨と対策 
第４号基本金に相当する資金を有しており、該当しない。 
 
 
 
 
 
 
      ８．その他財政および経営の状況を正確に判断するために必要な事項 
        （１）有価証券の時価情報 
          ①総括表   
                                                                             
当年度（平成 30 年 3 月 31 日） 
（単位 円） 
 
貸借対照表計上額 
時価 
差額 
時価が貸借対照表計上額を超えるもの 
51,300,456,966 
54,669,901,142 
3,369,444,176 
（うち満期保有目的の債券） 
（          0）  （          0）  （          0） 
時価が貸借対照表計上額を超えないもの 
52,781,845,124 
46,868,103,109  △5,913,742,015 
（うち満期保有目的の債券） 
（          0）  （          0）  （          0） 
合        計 
104,082,302,090 
101,538,004,251  △2,544,297,839 
（うち満期保有目的の債券） 
（          0）  （          0）  （          0） 
時価のない有価証券 
817,883,844 
有価証券合計 
104,900,185,934 
 
 
 
 
 
 
 
 
 
②明細表 
（単位 円） 
                                                                                                 
当年度（平成 30 年 3 月 31 日） 
  種類 
 
貸借対照表計上額 
時価 
差額 
債券 
株式 
投資信託 
貸付信託 
その他 
80,559,404,103 
80,929,851,039 
370,446,936 
870,161,367 
1,130,375,080 
260,213,713 
22,231,101,040 
19,040,528,752  △3,190,572,288 
0 
0 
0 
421,635,580 
437,249,380 
15,613,800 
合        計 
104,082,302,090 
101,538,004,251  △2,544,297,839 
時価のない有価証券 
有価証券合計 
817,883,844 
104,900,185,934 
   
 
 
 
 
 
 
   
（２）デリバティブ取引 
デリバティブ取引について注記対象となる取引はない。 
なお、デリバティブが組込まれている仕組債については、８（１）有価証券の時価情報に含めている。 
     
 
 
（３）当学校法人の出資割合が総出資額の２分の１以上である会社の状況は次のとおりである。 
①株式会社慶應学術事業会 
(ⅰ)  事業内容・清掃，警備，設備関連業務の委託事業 
                            ・損害保険代理店事業 
                            ・クレジットカード事業 
                            ・社会人学習・学術調査研究 
                            ・投資事業組合への出資 
                            ・投資事業組合の組成および管理 
                            ・研究の受入審査および管理業務の委託 
                            ・企業診断、投資計画および経営一般に関するコンサルティング 
(ⅱ)  資本金      51,500,000 円   
(ⅲ)  学校法人の出資金額等および当該会社の総株式等に占める割合ならびに当該株式の入手日 
 
昭和54年 2月10日 
16,540,000 円 
5,780 株 
平成 9年12月16日 
平成10年 4月 7日 
平成10年10月14日 
平成12年10月 8日 
平成14年 4月25日 
平成15年10月10日 
平成18年 3月24日 
平成18年 7月 4日 
平成18年 7月11日 
平成18年10月27日 
平成20年 5月 9日 
平成23年 4月 8日 
平成27年 6月24日 
30,000 円 
30,000 円 
30,000 円 
30,000 円 
20,000 円 
25,000 円 
0 円 
0 円 
0 円 
0 円 
0 円 
0 円 
0 円 
60 株 
60 株 
60 株 
60 株 
40 株 
50 株 
50 株 
60 株 
60 株 
60 株 
60 株 
60 株 
60 株 
平成27年12月10日 
83,000,000 円 
2,075 株 
 
 
 
 
 
 
 
 
 
 
 
 
 
 
 
合計  
99,705,000 円 
8,595 株 
97.9% 
(ⅳ) 株式会社慶應学術事業会の子会社の状況 
 
 
 
 
 
株式会社慶應イノベーション・イニシアティブ（平成 27 年 12 月 17 日設立） 
  資本金   
  主な事業内容 
 
 
50,000,000 円 
投資事業組合の組成および管理 
投資事業組合への出資 
研究の受入審査および管理業務の委託 
 
 
 
 
企業診断、投資計画および経営一般に関するコンサルティング 
  議決権の所有割合 
80% 
 
 
 
(ⅴ)  当期中に学校法人が当該会社およびその子会社から受け入れた配当金および寄付の金額ならび 
      にその他の取引の額 
   
 
当該会社からの受入額  特別寄付金 
 
 
 
 
 
 
受託事業収入 
他受取利息・配当金 
施設設備利用料 
刊行物販売収入 
雑収入 
 
（単位：円） 
11,394,405 
8,142,431 
1,289,250 
1,800,000 
192,002 
26,563,686 
 
 
 
 
当該会社への支払額 
 
 
 
 
 
 
 
 
 
 
 
 
 
 
 
 
 
 
 
 
 
 
 
 
 
 
 
 
 
 
 
   
当該会社への出資金等 
当該会社への未払金 
当該会社への前払金 
当該会社からの未収入金 
（教）兼務教員 
（教）用品費 
（教）消耗品費 
（教）海外留学出張費 
（教）運搬費 
（教）支払修繕費 
（教）委託清掃費 
（教）委託警備費 
（教）委託保守料 
（教）その他の委託費 
（教）機械器具賃借料 
（教）その他の賃借料 
（教）損害保険料 
（教）支払手数料 
（教）その他の経費 
（管）消耗品費 
（管）図書資料費 
（管）海外留学出張費 
（管）郵便料 
（管）運搬費 
（管）支払修繕費 
（管）委託清掃費 
（管）委託警備費 
（管）委託保守料 
（管）その他の委託費 
（管）損害保険料 
（管）支払手数料 
（管）その他の経費 
（管）過年度修正額 
土地信託経費 
 
10,315 
549,828 
22,239,554 
1,418,783 
3,603,152 
83,399,097 
460,389,446 
482,478,041 
308,312,183 
630,719,849 
130,680 
2,622,888 
16,740,770  
14,168  
382,078 
2,829,922 
81,000 
671,512 
1,449,707 
6,696 
14,425,588 
16,173,218 
29,408,543 
15,835,450 
8,875,324 
5,653,804 
650,268 
607,838 
540 
133,900 
 
   
期首残高 
   
資金支出等  資金収入等  期末残高 
（単位：円） 
   
99,705,000 
116,436,944 
159,708,726 
1,247,794  
0 
116,436,944 
33,767,830 
1,493,729  
0 
99,705,000 
155,999,949   155,999,949  
33,767,830 
159,708,726 
1,247,794  
1,493,729  
（注）出資金等については 16,704,999 円の評価減（平成 16 年度）を行なっている。 
(ⅵ)  当該会社の債務に係る保証債務 
学校法人は当該会社についての債務保証は行っていない。 
  
 
②  慶應義塾大学出版会株式会社 
 
(ⅰ) 事業内容 ・出版事業 
              ・慶應義塾大学通信教育部の教科書・教材の出版および供給ならびに学事事務受託 
              ・慶應義塾大学等の紀要類の受託制作 
(ⅱ) 資本金      40,000,000 円 
 
(ⅲ) 学校法人の出資金額等および当該会社の総株式等に占める割合ならびに当該株式の入手日 
 
昭和22年11月10日 
122,100,000 円 
108,500 株 
 
合計 
122,100,000 円 
108,500 株 
67.8% 
 
 
 
 
 
株式会社ＨｕＣＡＭ（平成 28 年 4 月 1 日設立） 
  資本金   
  主な事業内容 
 
 
 
 
 
 
(ⅳ) 慶應義塾大学出版会株式会社の子会社等の状況 
 
 
 
 
 
 
 
 
 
 
 
500,000 円 
医療機関の経理および経営管理事務の受託業務 
医療機関の各種受付等事務の受託業務 
医療情報システムの管理および運営の受託業務 
医療従事者の人材育成教育および研修業務 
医療従事者の養成および能力開発のための研究会の立案ならびに開催 
診療報酬請求事務の受託業務 
学術研究教育に関する事務の受託業務 
 
 
 
 
 
 
慶應義塾大学出版会は、当期中に全保有株式（所有割合 100％）を個人に対して譲渡したため、
当期末において株式会社ＨｕＣＡＭは慶應義塾大学出版会株式会社の子会社には該当しない。し
たがって、（ⅴ）の取引金額は子会社に該当していた期間の取引金額を記載しており、期末残高
については子会社でなくなった時点の金額を記載している。 
(ⅴ)  当期中に学校法人が当該会社およびその子会社から受け入れた配当金および寄付の金額ならび 
      にその他の取引の額 
   
   
当該会社からの受入額  特別寄付金 
 
 
   
 
 
当該会社への支払額 
   
   
   
   
   
 
 
 
   
   
   
   
   
   
   
 
   
 
 
 
 
 
附属事業収入 
他受取利息・配当金   
施設設備利用料 
刊行物販売収入 
雑収入 
（教）消耗品費 
（教）図書資料費 
（教）その他の補助費 
（教）郵便料 
（教）運搬費 
（教）刊行物印刷費 
（教）製本費 
（教）委託清掃費 
（教）委託保守料 
（教）その他の委託費 
（教）借地借家料 
（教）支払手数料 
（教）その他の経費 
（管）消耗品費 
（管）図書資料費 
（管）郵便料 
（管）運搬費 
（管）刊行物印刷費 
（管）製本費 
（管）その他の委託費 
（管）支払手数料 
（管）その他の経費 
図書支出 
      
 
 
 
 
 
（単位：円） 
10,000,000  
52,500  
542,500 
2,160,000  
4,609,071  
2,137,296 
6,797,249  
630,926  
11,700,000  
300,112  
479,550  
150,811,023  
70,680  
416,604 
229,500 
341,734,653  
47,496,000  
1,043,647  
9,484,996  
1,751,220  
195,949  
15,579,305  
586,404  
52,172,955  
298,440 
43,364,397 
71,821 
125,490  
7,387  
 
 
 
 
 
   
   
   
（単位：円） 
資金支出等  資金収入等  期末残高 
0  122,100,000 
53,368,349 
53,368,349 
13,451,607   12,926,401 
4,256,685  
6,150,050 
   
当該会社への出資金等 
当該会社への未払金 
当該会社への前払金 
当該会社からの未収入金 
期首残高 
0 
122,100,000 
39,588,374   39,588,374 
13,451,607   12,926,401 
4,256,685 
6,150,050  
 
 
 
 
(ⅶ)  当該会社の債務に係る保証債務 
学校法人は当該会社についての債務保証は行っていない。 
 
（４）偶発債務 
   下記について債務保証を行っている。 
①学生の奨学融資制度における債務保証額                       554,572,151 円 
②教職員子女教育ローン制度における債務保証額                  35,932,126 円 
（５）所有権移転外ファイナンス・リース取引 
通常の賃貸借取引に係る方法に準じた会計処理を行っている所有権移転外ファイナンス・リースのうち、
平成 21 年 3 月 31 日以前に締結したものは次のとおりである。 
                リース資産の種類            リース料総額            未経過リース料期末残高 
                教育研究用機器備品          481,042,800 円                  171,037,440 円 
 
(６)関連当事者との取引 
関連当事者との取引について、上記（３）以外に記載すべき事項はない。 
 
 
収 益 事 業 会 計 決 算 書
貸  借  対  照  表
平成３０（２０１８）年３月３１日
資   産   の   部
金          額
負   債   の   部
金          額
（単位：円）
流動資産
3,042,506,259 流動負債
現金預金
未収入金
有価証券
前払金
2,835,691,596
6,187,773
未払金
前受金
200,000,000
預り金
626,890 　　　　預り敷金
477,793,794
397,854,831
28,035,157
8,240,106
43,663,700
固定負債
753,698,146
固定資産
3,881,134,188
預り敷金
753,698,146
　有形固定資産
3,177,205,188
負   債   合   計
1,231,491,940
土地
建物
構築物
備品
その他
2,284,406 純　資　産  の   部
金          額
3,162,992,704
2,143,537
元      入      金
5,692,148,507
9,784,540
1
次期繰越利益
0
　投資その他の資産
703,929,000
投資有価証券
703,929,000 純　資　産   合   計
5,692,148,507
資   産   合   計
6,923,640,447
負債・純資産合計
6,923,640,447
注記   １  有形固定資産の減価償却の方法は、定額法によっている。
          ２  減価償却累計額は、2,656,274,709円である。
収 益 事 業 会 計 決 算 書
損  益  計  算  書
平成２９（２０１７）年４月  １日から
平成３０（２０１８）年３月３１日まで
科                目
金                                               額
37,633,836
598,019,015
23,516,748
7,782,620
607,882
19,639,457
6,173,191
74,657,205
1,174,908
17,493,372
114,436,286
102,451,269
9,427,686
28,238,561
28
営業収益
　　　　　土地賃貸料収入
　　　　　建物賃貸料収入
　　　　　共益費収入
　　　　　駐車場収入
営業費用
　　　　　消耗品費
　　　　　修繕費
　　　　　賃借料
　　　　　管理委託費
　　　　　損害保険料
　　　　　光熱水費
　　　　　公租公課
　　　　　減価償却費
　　　　　その他
営業利益
営業外収益
　　　　　受取利息
　　　　　雑収入
経常利益
学校会計繰入支出
税引前当期純利益
法人税，住民税及び事業税
当期純利益
（単位：円）
666,952,219
346,061,256
320,890,963
28,238,589
349,129,552
299,509,452
49,620,100
49,620,100
0
